437684 385365 363427 149743 450793 955234 411045 642845 755933 732951 644582 151607 163879 850248 951450 819733 863247 455080 495682 764393 571245 609452 455964 739692 532745 338237 834582 257098 229986 256121 236734 294247 
328298 262151 244885 272140 865454 340950 205379 408946 911220 792113 923716 170058 138557 187872 355999 163622 209609 436670 527415 460456 224122 793651 702586 486565 800177 884045 520470 378805 164373 329408 350028 957305 
166546 573655 891005 498601 422301 902709 885570 774074 178166 551821 272760 554697 193030 986586 940599 908167 940392 524508 118179 177472 480484 298928 816283 501705 889622 205674 307471 553062 903693 442674 265551 338005 
375248 229816 605919 243930 303323 552725 436230 819976 963751 679231 857958 743177 167015 659561 178630 197706 667950 549621 590058 638342 785007 413111 410628 838766 719164 846343 939332 451409 905968 661250 984779 874734 
910920 587390 932957 782227 413547 946664 855957 780560 102699 106236 295442 363709 964036 396352 441167 357189 324385 158462 725009 715598 219294 764988 660665 355910 525127 787065 311673 975020 170336 212646 661604 565559 
851006 324670 193085 240039 731058 218275 833777 549478 540614 591991 995745 357275 357120 845781 722232 473771 769411 118570 300731 894444 421333 814226 380158 439495 307164 946995 897075 328201 889985 880656 625981 945447 
839606 839019 535427 322923 965939 320123 631839 777055 178364 736485 437622 663349 209951 396666 849123 346928 445882 867021 803884 291059 272217 281839 841398 988004 660221 220201 454037 144573 358744 680821 836539 735599 
290132 923514 119697 851826 242931 255650 443203 569454 323313 417785 862070 978271 688006 410820 992629 648905 444905 394428 702729 286232 957358 781254 459271 816305 829551 590672 890563 569371 305864 964713 231010 992292 
795516 835582 778029 903953 576662 966413 386689 142598 803690 331272 544707 840654 966905 139431 329618 886376 300371 589962 433589 897902 178615 404394 981395 889347 852598 703867 180801 559832 447990 372865 654677 324059 
528050 710155 892346 447100 156127 714416 296957 727389 604265 650660 155651 905782 347099 475351 319965 605155 293086 636395 839188 838218 508217 308369 444415 590636 442166 981918 321844 494536 118374 480047 470298 561190 
266906 683062 402076 625639 468914 446655 147866 115206 967059 441956 765050 218123 402257 968648 103164 928812 553485 833460 226474 440320 657111 740813 838254 838402 554580 126190 521566 666238 166106 443911 746035 359003 
793273 507986 592824 374565 618324 344077 856605 985526 262413 615545 401514 534464 879262 549134 611153 758585 772067 273113 259964 567748 821590 798547 214502 487480 233714 881727 146758 200015 165305 876799 224869 635181 
233297 214484 213489 768843 100361 199920 488394 724767 974137 514873 339865 679754 901095 993917 382593 256253 539238 108525 387149 582889 362585 559479 841129 124162 640022 741892 653229 687599 708773 719018 821076 661008 
852295 132527 563659 300812 935252 715163 156420 745494 291516 910552 376362 171804 555919 183689 826063 621004 563929 822148 135906 943331 690277 480525 734044 317844 839074 978417 323385 765265 697155 990012 934659 650200 
978527 368791 652842 676541 844377 292545 507889 394960 246203 945513 380418 811403 736219 389573 735649 851163 105280 209522 576669 189960 103389 301481 880259 400226 273211 926106 920365 473322 528918 286280 989080 987162 
794590 884065 450099 171058 934557 827576 119763 213056 954072 438432 670275 441291 266031 446823 255449 198012 726494 725676 240260 601322 866502 782207 378145 179297 443654 733204 116941 577389 767586 610020 721525 167305 
143910 142528 421865 557246 305732 352818 449807 683386 256697 136306 146931 285007 278222 760961 563772 639077 169305 112678 582234 350430 540164 613059 865532 400995 193957 377107 257342 202096 262637 528162 282015 762328 
619325 391081 892880 506198 602481 624452 411784 413618 182240 125298 368373 958381 961628 949832 720718 392553 630484 493555 837476 731607 383609 156744 330294 745662 669342 196681 759235 728453 945752 358359 997625 430269 
817701 396079 646253 761230 774473 180354 456900 859901 571379 208980 600302 591702 409182 167153 637330 469436 608019 727239 704964 706122 542988 132612 310676 904869 110068 242765 799584 154592 778858 523735 149321 348619 
543939 293766 161091 470777 107791 142336 946693 998797 757236 726605 921633 775489 737783 631150 642734 530322 269466 615414 439136 866923 779487 330473 112697 176684 120682 559728 626201 983702 115876 465398 128369 345046 
295484 679875 676694 440236 903560 304370 613936 239512 926697 755120 492018 865984 172684 230932 769060 683679 269837 719446 587771 854861 666615 383213 399051 706727 475206 201576 198451 160859 696141 205480 972662 483891 
716338 647513 172298 995515 527447 115916 449577 471056 903029 120402 504965 365192 754561 225367 652601 186904 675312 361912 685530 144965 409143 254466 493196 749546 647242 862761 890129 386115 449638 855361 249916 381076 
995115 864221 744452 298234 269985 583938 477684 966059 409883 823046 272159 711596 712985 617803 805584 770607 472967 740114 879552 718791 565795 399549 658721 324842 823196 745414 439735 629313 439574 219701 118887 243983 
999882 930018 781703 354396 646953 437319 889140 164797 838369 406081 693379 725281 809753 221411 884047 836762 849846 405943 459761 988582 593600 259698 208366 410362 262431 388467 173610 382794 145695 949432 806650 790679 
158930 958268 169623 811189 575988 409969 228750 821528 730090 391958 104789 567515 434148 787797 393624 309004 392642 106780 870289 272919 712338 594965 671958 296941 520407 218724 200365 152305 468581 123261 845658 206688 
392809 953888 444089 678074 427846 719026 995814 661873 297850 488505 714713 736493 133471 589747 975088 291385 189421 912884 476549 509710 707004 717722 210367 180217 200519 645582 307108 887692 976589 525306 910507 968542 
643218 981665 791247 268703 602946 445408 892448 802493 458549 935231 301428 159308 362797 250899 746043 381173 851964 403923 113424 855262 417667 632117 706603 763538 490933 177701 443315 846124 939163 587713 830833 686629 
204112 931924 695743 538200 215276 260397 254560 581807 291166 267643 149385 307500 537299 415079 353181 271861 125683 372814 389110 782332 850986 104954 933759 332138 891748 519804 542975 833480 421042 378472 287567 831178 
913193 658060 151981 151960 887113 419982 865161 253018 288699 720034 927324 121408 667316 109733 598937 308331 400022 908824 686428 102620 909942 129948 118335 371222 829048 420359 897899 410962 475414 654209 136267 293888 
165728 380606 307291 120884 165565 954295 564800 406420 749647 799111 990354 892701 950709 699967 811412 554253 124682 681638 636133 602705 332650 486929 514990 388011 710229 350331 654843 659743 152684 523585 444615 783642 
788761 144925 935439 433536 933579 661276 195273 233873 918174 394206 393102 741239 327833 322218 488690 822318 777265 684555 754997 920784 112907 594411 640209 146876 431615 536587 212851 798274 206296 461212 977127 825166 
833879 278141 791085 152847 877368 577201 773160 726339 360044 425628 504820 746337 361093 272058 786423 953186 185808 364188 406832 655084 548061 391712 619276 821021 760058 555307 509816 855728 830525 813926 257553 273519 
