899117 985169 886235 697354 281114 332367 945151 617895 569799 847091 613625 853069 634728 152382 378969 948734 
581858 308815 954878 448731 532774 463206 865504 251720 752763 230074 827178 168796 175034 917812 426406 694664 
135890 621574 971601 276897 378860 307851 342989 715564 987018 418523 120117 329925 923176 449483 885067 116427 
344196 697440 215725 545579 428889 745742 615879 592712 739975 163953 126914 321700 842415 978759 580825 673166 
253658 649384 478636 188072 272057 922915 173037 963411 169703 268246 390104 665593 744907 770313 221472 101527 
642170 766120 746756 829349 364345 529755 990529 651460 817056 877156 566785 174755 161530 491509 204657 426221 
794824 700299 761040 863858 240837 468331 952963 384016 911812 100023 819525 638079 654326 377548 381724 204342 
380297 520859 264807 663101 985674 306883 434419 287440 668458 958280 226413 574828 104862 805650 850034 660153 
920256 236452 373634 539796 415795 724598 308626 709112 997988 418034 488193 524265 388333 967432 831074 459324 
306739 431918 933528 626694 254607 596760 588705 770144 628041 934768 492681 110676 623007 843633 965119 219270 
814726 981030 239140 434882 357064 438170 973376 307774 697675 809147 672590 537227 999507 332305 594520 944510 
790333 248213 960317 385813 769548 976655 590831 972424 387969 621936 938649 703438 304963 338056 915133 676457 
905566 342789 121404 902351 666215 181770 226287 185717 773310 172455 322578 179898 133676 886394 417344 775822 
498092 789090 303290 999902 566886 333404 849888 789500 456118 312189 364322 395087 677611 674186 383280 426708 
883532 219670 656302 292176 667157 975225 789155 872371 693471 841674 305457 149354 732061 382233 938111 846306 
662178 802475 937681 763668 533280 848659 369881 647473 876780 489642 648647 982315 729630 137418 167612 929213 
