367455 291836 163128 401343 777772 379348 350146 435357 486762 457868 505297 695477 294833 624571 215207 425108 
367654 973148 400917 377698 807806 574409 193927 991888 504641 150354 108854 457436 186442 761626 515809 573604 
467787 751375 923478 321989 674861 725380 563785 836718 948404 239628 754695 460550 201953 731733 251077 199511 
279986 576607 278001 580405 433732 337688 477322 813487 354648 896277 289484 324625 103796 220750 107779 908179 
151488 701463 992225 330658 126512 441207 250474 664489 115010 149383 476428 927996 995773 826441 364365 889568 
999482 710881 399420 557498 938526 521812 363370 872947 799653 205244 403281 118820 211739 520038 939442 485956 
785891 447433 562493 988619 830299 424802 720777 563298 883798 401488 390116 652458 986697 974889 567972 967461 
470370 604631 812795 505316 363505 103891 402121 620686 130891 310492 429707 318890 998339 587988 584658 219242 
287161 388248 227919 487380 669519 855353 665065 734061 684598 939836 291313 371812 650504 491146 488845 107609 
731598 123444 709681 346536 297057 742152 643244 445782 901549 963496 746141 338135 126482 313773 253734 868857 
970756 786040 877433 949744 705459 114608 621936 277855 218821 126173 383353 817312 611038 319488 761453 531760 
627873 277549 908674 644826 265585 261702 196118 439390 273297 181813 367660 431326 601833 511557 496307 608421 
544042 442110 587682 300756 849640 194203 481792 992651 116294 210282 554847 958320 449040 376223 789993 838942 
555777 176085 270578 276653 887941 277058 196013 856794 796857 637110 365019 950644 330959 971824 147645 864547 
355821 768381 130987 999412 856021 463502 218366 739588 560575 325716 344679 848617 322978 514843 977762 278456 
597458 245856 571109 132886 240835 698929 736403 512351 853995 419551 926574 477868 934662 850338 821832 216261 
