531383 938191 432598 220716 278769 325540 514970 530013 969820 866421 108130 915316 451583 179136 201525 899175 179833 152912 944303 367025 529440 309395 767505 147198 461378 445530 522769 403823 794797 228238 410514 946026 499530 835625 407503 129697 144803 118392 169617 632733 760613 695243 933056 405126 837953 651029 544822 942162 470925 402599 274095 718953 155240 767460 618461 625553 479354 826496 349752 846490 327481 353114 310418 897287 
997672 663699 395048 489175 648442 244137 303636 175312 956788 396309 356031 911432 613105 639421 868885 338863 201983 290295 515793 950268 553606 184092 594679 411826 776233 335588 355360 535310 800741 640547 703952 805104 761110 884127 627395 832164 973401 421709 733702 735692 934156 704488 391139 125963 286226 359597 112692 418929 648851 396181 538008 663870 834335 796848 802851 672885 568371 932474 227407 507807 864628 879677 428401 144696 
818777 275299 547207 215674 468133 410006 985133 403235 987985 483735 388526 112166 652520 385207 525400 587884 923596 806580 802504 882564 347255 499763 824452 154958 486556 199735 272584 935840 350987 528060 616216 650547 824019 575571 824085 842733 916417 423738 714411 931435 255559 270582 878278 910475 400889 420976 673476 471572 770512 158249 502534 112898 601425 597115 949056 735058 656040 739502 834544 319526 807533 910932 326891 393813 
200329 603938 601203 927090 156978 887915 252261 850871 756434 721338 681806 910735 375270 956747 503838 249085 380674 245415 553204 384236 553330 703227 315449 240051 467067 146612 683113 182724 620031 641913 162348 249938 292896 599908 415812 118525 410300 274718 847454 537084 659510 986582 645162 600869 111349 915774 608584 617883 301478 135171 126648 574069 793309 211911 958996 706023 372057 196316 612698 282992 566277 925214 451072 402079 
722522 206158 517228 470850 440002 482791 865756 605996 365911 423967 492703 148098 859626 402588 882215 612803 750272 345616 337334 461394 117335 475474 415861 619745 475174 626746 799236 326876 127362 144697 928331 820270 659837 286739 987631 608884 390600 295130 773249 962365 455161 907496 900784 440058 736680 261464 413150 289960 604724 446818 153936 731734 746083 722546 384415 653269 750438 666755 980812 195900 945210 867133 990801 943701 
518219 271719 398706 865160 988755 481291 789266 961313 810689 189574 240865 574816 759028 518120 682195 615486 213638 444654 297836 210231 131238 901817 992568 811448 481149 793098 362231 377893 555634 732317 610805 220487 801610 321023 185560 484785 622791 745486 792882 955598 692273 908588 162775 610793 158002 530110 764488 684569 220986 883687 749934 830022 974499 462716 489570 272572 897039 783940 196072 845483 133070 842926 674012 634200 
303740 165647 105541 169220 620295 198870 413479 288663 740654 602094 510901 116521 358980 573296 338402 830861 339316 369409 425848 577754 382879 231183 594690 111127 250977 848868 185828 705346 376241 322981 480522 836957 796839 298890 983518 184437 534808 665145 725811 357073 843548 296353 296895 662067 125297 951472 894149 198894 121912 474929 212272 892613 522237 871430 652124 760827 256917 959006 683757 858141 143872 506868 531043 138440 
167981 912260 572870 709880 165181 659401 331035 518734 666527 652408 458137 677597 852027 176659 871349 354033 269866 448779 553465 807900 856162 257269 142771 894366 969296 366215 490697 332977 625662 318992 131179 966895 499636 417873 804833 368160 918618 698396 138467 954147 796252 823111 889064 888184 220678 488909 110773 508264 183183 310946 849847 480722 183090 949552 885900 210739 389078 909810 805308 948913 248848 447501 595269 235108 
245023 695398 284371 428258 971797 518660 669775 989797 666805 397507 954478 630235 922007 412178 349515 918121 399625 762602 921199 695036 540528 383179 266859 437391 196780 592244 506088 732754 938265 990399 150102 945661 531313 225495 978177 324049 973775 426038 362018 774567 510959 874400 428562 996983 874322 551606 399513 327367 377597 369591 534788 805646 876704 705497 899956 925476 410260 360544 848243 980232 759166 715865 925602 184813 
475888 833334 547310 479042 134415 120359 227713 218301 532911 406928 734101 478179 142618 926860 953155 869238 350415 694206 496218 504604 689319 778992 286571 225352 818548 758603 278848 859015 466370 176721 425261 139305 393951 184026 902783 779145 134455 416937 179152 550683 402167 425386 538237 965329 634963 245002 953999 944267 890020 496947 172501 593977 611593 468067 193971 438829 360558 463208 466868 820514 916042 871802 650842 734499 
673922 671764 709558 218937 739339 559568 411635 107669 803501 131039 564781 369366 752546 376706 894559 392248 974782 439401 512442 966554 552841 171877 425585 284361 643368 680235 316881 418926 820281 328775 241422 811792 905821 126298 178905 546920 702000 899538 165422 189184 808051 419141 481289 398214 713195 757546 964760 190739 903234 708052 779116 774674 584460 124907 695625 106287 456324 604457 381309 459198 664340 501166 499405 894661 
662964 482304 441867 598727 583849 580578 248484 477070 900495 822000 586358 485140 148689 756148 790974 843918 175413 684488 883439 306998 280437 427241 415295 997011 892008 623157 907291 264807 730175 135873 479931 177621 138538 464184 329329 531213 482971 589844 803386 275253 278307 648530 302487 158773 724601 736598 994901 969055 554713 325850 277000 637050 719625 277172 179574 730538 479382 601603 445584 676349 468157 454901 818204 252884 
782661 499193 396717 177196 747818 265787 700372 926504 854261 260226 422000 729309 782982 685826 775744 120505 497364 871550 498810 165233 860779 131614 934772 574342 840148 994088 567071 871827 577010 542174 303859 443574 645256 917044 608133 582840 612569 804749 796598 216827 151143 976305 840293 785567 658525 151597 493989 345905 246056 709287 912137 926960 493824 452507 912059 812605 389988 920471 468332 897630 760835 875376 460549 858287 
435767 657727 932412 669479 403532 675388 848611 241986 381471 133525 409435 490000 499329 349259 780358 530841 823899 236521 962553 699915 598475 848321 790832 282370 781260 868293 803067 155794 947188 183007 885142 735860 939638 547566 162135 908875 599912 397245 960160 292466 768480 807874 128149 982659 513975 275312 430023 988294 108879 897593 293359 193781 964625 385187 913590 402825 406927 811333 206353 471138 149544 426335 414154 493239 
267978 489140 846457 721048 363729 127141 617842 353405 986701 889034 770391 254190 254018 389743 220110 291277 326890 365354 798574 749795 747125 825845 430643 553990 960400 735500 522737 343620 905283 292100 247908 716398 296693 781093 914182 372964 144234 895238 943834 486489 276524 436868 648422 809539 908327 807070 112445 299297 339726 547504 400602 963017 822588 887274 343497 942861 344053 683053 896351 917033 892651 577409 281802 334220 
589756 219094 892418 597889 382296 512469 852831 695993 896576 237825 916357 113270 229066 672496 683386 456950 837185 790272 779928 328890 144105 228024 230909 940978 246209 169564 815807 998344 755937 514316 951902 337317 193699 397754 933714 813731 605630 662214 444291 360433 531853 810679 940920 547612 640590 879480 116871 493888 289542 621261 382314 243339 512449 586929 255379 974858 485048 468270 937462 444307 427884 375895 298341 630765 
583534 453445 336889 649472 609537 248876 998891 660949 321431 230426 627139 833865 310807 605132 844680 456660 204128 122348 959798 179984 383560 200586 786894 935016 339230 301750 243335 447774 442061 485528 979522 946233 216385 162796 878235 134090 144836 894237 490171 880953 878401 815965 365963 415601 272746 388894 615331 162052 158645 945520 121888 304540 839681 190455 839827 525280 292598 302888 248470 574943 658827 856737 720475 873563 
514529 116674 769117 577237 503884 407052 538743 215090 596689 570548 214803 605223 159531 243523 661114 649606 840456 187693 957034 229860 262193 210477 825191 526918 802086 863033 875656 718632 632199 521767 477426 749865 608976 560540 105698 930646 635804 387852 761571 984050 495370 602356 487423 775967 153085 311247 742834 619148 777085 626712 360538 460987 686331 747965 787115 623182 392273 816733 743104 953453 341256 756126 787468 851702 
247059 448653 565198 472097 476153 970515 314754 509647 402704 248784 425811 902799 482725 968566 492687 120332 339992 818213 732724 148151 492195 503262 150918 169484 860571 899207 923266 739715 176912 791866 450796 795734 524079 313706 457797 506602 732838 280787 498681 910204 714151 395324 228564 594025 921126 390700 485781 692601 590492 884486 738266 942346 975758 904419 406331 107637 507176 422155 578131 361918 644163 545071 999928 926109 
764486 766662 141420 271908 110376 202657 722092 941741 933491 149101 365029 159234 677348 501157 275207 408104 148015 115154 164722 146280 972512 300640 469613 394907 524700 605949 334837 417874 503366 479249 797714 708416 510781 961077 195942 359332 104867 159793 614046 275830 626296 492534 478667 617005 672773 230005 257642 497739 316852 925242 125855 349670 212060 941704 129889 922420 981755 795570 970478 822290 277916 152116 824223 428625 
676409 620332 291095 442686 268122 868344 874677 537708 254618 622476 139688 987999 479498 988080 482370 161912 469839 312500 598757 427192 959943 717905 192603 186739 380681 118462 168034 915699 748138 930987 510659 631302 491900 751358 944611 253349 978993 959527 226675 801185 991325 285826 107042 744172 592602 537321 778259 117249 623236 733747 673065 802546 621220 971501 472606 297964 276523 858836 152563 951369 197108 589676 594850 362801 
480428 513727 279727 912494 681965 538997 189213 790987 815653 618861 939677 777959 264854 207862 922272 544380 150295 965996 299374 226119 798584 617746 449775 322772 304739 488360 862055 836615 309981 277769 503647 604680 577547 979012 685502 613228 967538 714101 699767 425533 786519 999392 380667 778534 340709 176649 974991 551548 357100 421202 166104 120652 614118 351890 745331 985981 217334 817070 649473 272226 821482 400343 160671 359263 
178463 398337 576500 874356 468931 241563 292964 369035 333525 869935 208866 758842 521929 263895 108610 494006 707783 692954 542859 169428 583699 469538 438668 219645 196904 547835 352166 144397 806206 957483 988262 163784 298666 170888 408118 991226 367876 512250 480169 305801 340196 337231 916245 789722 628710 387284 436542 472764 815789 609623 952236 110836 571395 254742 374078 719718 246397 367395 576120 229246 711421 841399 347352 601976 
462098 540751 154791 880210 349435 121768 182314 442091 812200 195603 348984 237624 896225 317653 566310 956419 270048 617565 775422 855328 531097 379554 926223 103086 369370 461081 965821 388198 985517 944304 575321 144228 864314 778346 829387 283791 849545 541655 747115 626406 121446 328559 957904 274824 197469 410668 955936 733280 503301 838081 518950 192396 162745 507802 502657 188520 180673 560337 370712 588540 548943 907530 976236 374495 
370725 539244 898182 152934 418901 265725 788720 101100 367872 612216 165472 640416 103423 489037 626318 335622 768288 270774 247942 105483 101064 224786 707001 259753 354807 848512 379022 982130 442570 330457 160022 354588 335129 223945 986077 473706 844960 518636 293500 356083 900763 133442 205676 677554 151275 768014 109813 261545 488789 637969 480516 891378 657258 654845 204571 954371 155649 250393 684674 578461 787711 506225 652251 362642 
736953 715030 128339 103888 441233 841497 680981 410062 657756 395359 598712 837842 749956 764130 756697 985309 198409 575525 666915 671188 691330 990385 732298 549292 320193 645424 437912 288464 454389 529829 181791 754482 589737 733510 479885 839372 411049 107000 881853 697649 363365 915558 198537 592790 411982 728989 775933 947030 607038 681062 129800 856742 819124 921344 178412 155702 307324 699258 408884 250080 192206 587723 642853 426225 
568333 605262 369197 870417 278607 576989 987480 431185 128860 799080 858882 663343 120719 437362 150183 934633 171417 290345 252789 808572 386469 612608 590051 598007 984247 600746 522363 771745 704046 834261 867602 821796 907336 193825 560729 587828 345445 540508 200140 804896 428003 553179 370247 525684 725832 563863 170649 292328 526079 463905 966640 731081 557913 449155 132404 312930 192404 184565 403536 341287 896858 564121 689514 374365 
450944 479763 347476 458857 645007 626984 889339 837300 106848 709555 933597 131319 923231 828382 878872 337705 434738 418179 200029 477538 376339 841726 310371 985451 971193 444814 611287 872869 326197 526281 266353 688946 957688 457337 280963 473155 224530 499895 294154 206879 636693 772002 939623 272621 444952 519420 475527 107231 636663 146754 793374 208603 633400 354949 490803 223143 626569 779530 833493 246384 268804 930202 877547 813622 
856596 441254 800584 156568 375954 309212 553661 627895 368392 287903 548233 611722 986358 915109 839948 692126 729843 524498 577273 226087 563659 343148 738217 130856 788263 629948 402508 539611 637995 144512 917659 782749 892824 125327 802249 804025 492274 142570 397848 782991 429819 747003 891847 771201 225054 182125 365705 353594 230888 247080 232209 629435 864017 457671 218377 892996 864729 450680 356322 203771 843437 389775 858598 365148 
188232 267559 918953 849469 656566 280503 750270 699708 939156 583916 229862 657319 677107 908776 254083 761128 189980 989847 445579 461899 289677 200266 295223 586958 870337 272755 703547 342532 910094 603643 811696 553445 611560 445379 942541 236630 623747 788757 656597 145424 279574 844390 659625 790320 363226 844906 194686 828410 798897 402100 880809 363082 773508 725961 117687 640633 481125 297568 699481 374665 178035 736568 925821 970990 
161660 270005 826584 543192 135005 596441 175839 688225 324324 753403 727636 171055 992119 879751 367453 919462 621389 667890 582161 713069 785465 342936 145132 651900 848328 569235 144258 412735 239392 818010 916176 207337 960328 418132 792078 124057 690375 976663 483008 856065 888644 765282 397260 287385 673932 559315 115462 303327 314739 255045 904198 479144 290257 998378 464572 903112 505870 292321 573818 874490 578200 904148 796431 569420 
376432 110161 450739 622443 406822 663939 847038 612806 697465 330092 518548 273249 299936 439809 824667 499129 459206 163426 793293 741518 121168 424853 913800 453938 670234 246206 691203 332301 394560 296092 176124 210346 255865 203874 233004 901986 214333 523153 689307 167139 681831 943951 819984 656572 250389 980615 388897 447656 676780 226813 181225 319764 770361 107243 245367 563791 616050 910236 690691 873293 646139 172292 561403 159416 
872101 934651 327964 463027 772112 775413 882845 794604 291121 650207 335044 310782 888783 193431 881788 377088 308744 348616 210686 578254 764528 375617 780108 323410 644057 901873 969405 332110 446958 991458 151858 927880 676921 687471 482727 828946 508325 137091 901317 263574 948445 502511 285269 446107 647795 410823 781263 509718 717149 958521 856528 281359 171482 371499 150570 901582 544915 794801 835541 636259 528796 693320 326211 117808 
340921 299122 746418 300339 643454 868590 504922 990675 741966 384435 963558 151654 119845 478249 819199 781052 124977 450116 946212 945900 908443 754525 819542 201018 800676 280847 102192 973153 808938 437195 458708 537506 245130 626777 604416 262889 871807 687244 979839 661817 822920 972736 508571 630100 788424 183730 830800 548968 167623 859580 326941 610649 899510 964267 953876 776519 433040 962815 510481 351484 791611 171103 636935 105588 
609582 644887 877365 948617 393933 720751 345399 688314 757807 687977 112057 815864 114977 325462 412806 382541 379299 856181 497407 301193 334832 309865 938824 584330 476699 523830 556540 618887 355636 587736 830464 194297 493130 592096 557589 777863 239883 742988 547527 310380 187271 525282 484579 534951 501139 135305 417893 324575 810889 824772 102575 544561 209772 312939 498613 804472 312041 878535 780501 392183 194009 812874 593637 826885 
226435 581065 261221 578550 792446 383064 540019 582882 804564 921504 568637 197333 835458 156575 305072 213682 913533 994684 760367 699333 218606 392773 343072 763427 188350 584455 575681 642016 421453 429705 200920 667085 119963 323718 785032 398763 286761 300389 431966 663185 826234 851574 946667 934773 219252 761356 826285 853019 420963 924145 718693 182680 377276 141258 784013 866305 979326 733321 876131 855477 319444 584649 285598 209795 
785047 703049 178978 129305 775313 249352 292206 110187 896861 744921 810898 602012 727882 387523 852637 583852 432158 883928 477077 629247 766071 172816 544960 123685 105197 837153 415327 238667 330963 198269 441851 763869 566428 578601 721559 274294 167418 144597 434373 705574 287905 849308 695381 437854 396459 298938 604135 805787 423572 745573 404033 883437 521510 145833 242525 808067 425519 177956 814170 631829 609070 404859 181107 439886 
385964 567415 596428 358772 272455 381312 209928 284372 261418 296500 904472 744335 644728 483587 420942 371003 798152 601546 355535 668823 977066 444619 891943 755952 563976 768517 552695 777001 935336 580757 170025 142602 863245 780681 871812 539079 395581 237885 332731 320427 364349 364404 199711 256610 326392 923956 916117 474208 527455 208222 185443 229329 454986 112744 469795 461150 967388 560473 658522 251064 751845 988769 653570 184741 
902082 366674 112003 432004 322719 137343 760641 539422 402172 277520 521519 396331 115725 870751 657313 698366 916091 558898 393503 611055 908840 685269 466293 303043 918736 194291 262663 151321 686954 905649 327010 876531 548238 658439 544494 728447 976273 672924 957728 170465 659468 867389 500107 301280 885915 307097 629942 825322 859265 197884 463433 648580 147976 768582 176513 196881 631558 183943 817347 595518 574491 602170 994893 100104 
833175 813307 540936 245995 123640 239590 799034 206985 787249 456878 715671 422131 892007 316086 411064 333014 420757 613679 289508 912037 496367 851823 435914 577150 263779 508906 535921 541692 766715 522608 477063 992345 521727 804323 788341 413182 909272 417107 737715 689832 413328 886231 635224 726296 529204 887850 559338 643128 654939 889568 925940 738533 667936 204292 474678 339453 831147 353424 760181 136934 924367 382215 218003 663545 
478508 607282 855865 127241 621300 791765 814737 234292 825099 697549 496817 687141 893895 497289 713809 304387 551127 951554 408414 842585 141696 615129 281735 280867 491043 126059 247892 424338 300474 716947 828758 242748 772833 586844 535481 241667 381713 776833 165527 710112 442663 826436 186758 514860 605572 321319 894289 691691 185486 939114 765701 894549 420659 104513 356801 631522 407661 173681 256913 724145 168545 563752 779348 773366 
149538 527318 912824 247390 303794 457195 350952 936512 742345 319374 531516 552609 413230 975832 875982 977380 597154 173291 517901 459820 874204 529970 839402 401008 503919 122902 982224 824026 377223 396889 625649 719131 209394 217235 144635 398223 460540 249063 519849 408200 674323 560162 348021 950778 829961 794063 316652 898210 955576 598553 101242 158867 296928 560414 956708 485183 880267 837965 354965 278143 832977 692924 737712 522207 
151639 940232 499076 278985 131027 651177 561277 889196 232555 967345 994199 239209 435675 690082 390734 579993 866516 236457 461265 767902 167298 912603 966613 153221 718342 685962 561669 798997 291010 184451 858774 567863 977044 921608 202649 787073 177881 476485 106570 623201 829491 939089 859654 393922 457061 496387 190457 874302 805755 133198 570677 342273 206438 940859 652318 791285 716933 885794 809155 756175 994335 144388 469479 172374 
587693 366727 651869 987531 186357 742607 686514 373401 861457 532566 223876 399898 533933 337576 639569 418244 638639 566141 735722 247791 638610 352723 395814 450339 416554 748104 844211 951522 784588 175345 648199 275599 796358 916730 211413 683450 932617 491835 954682 131658 678823 441714 220023 661189 344567 845411 768410 824543 285558 844233 159925 780188 331687 398007 686512 528580 438107 115312 682457 386754 228300 427679 269274 103960 
648931 567156 780803 643523 315513 822748 318726 708071 424827 227772 151746 574391 433766 959017 454423 411043 189618 171174 192569 376158 592172 347291 441471 557994 657307 943567 228474 921955 165859 157218 164643 843749 840104 920234 445677 424794 499338 831240 683098 155332 203087 244389 113706 127427 485471 782830 756717 309572 330249 345865 221978 612519 571010 245715 960792 896619 780621 366552 903225 210168 608630 262606 723399 397416 
909401 230895 112054 423634 587360 297745 587162 138869 859049 935651 332433 918302 147141 313318 732416 914230 755357 314918 153532 480619 144080 672563 761887 119258 855095 252160 528155 722869 293353 927735 987434 801142 163162 921047 514499 120032 506334 269420 703785 443662 141068 910442 661821 546332 480445 690757 198004 661870 743060 160559 346948 948864 850647 257903 297976 668618 328732 308314 722242 520720 180927 460145 352304 341732 
209583 354871 901623 299160 656393 217453 331436 894148 526363 824300 713426 803216 931019 336127 437869 997279 381968 938714 854645 516824 722846 292442 673702 268434 413951 879771 399124 576827 767197 285456 131484 385733 670652 331427 946422 733549 151780 309449 432295 641610 141084 135744 726930 276847 293714 729415 476078 274332 613751 388955 672211 890183 442311 921482 210382 931587 816070 763254 562708 332714 219878 588712 191251 591533 
358085 256525 754084 293492 998035 989650 761981 615604 116306 737367 940835 567532 711382 689395 609820 874555 628843 758149 371715 465507 269590 788689 873780 381170 915796 444383 455687 806803 791006 458924 765305 148144 689678 430027 558150 701697 123548 557884 614484 328406 816129 363303 237896 831420 934556 545750 375259 176112 840786 481516 812519 301246 200720 592901 871644 481012 716749 603883 402768 415464 293899 715122 825554 498850 
189788 628753 963199 263335 931200 103517 356814 523364 205484 218628 637958 242003 400199 945379 489519 642093 179119 593732 336837 849516 712921 278392 944585 213724 679700 331117 841395 983069 919150 121132 147106 758839 795633 557650 279667 825883 857222 890952 278864 845458 388153 270657 369311 291397 755004 185647 543324 326535 677254 397443 642785 206819 855700 241951 343073 435517 756431 152186 281780 248264 582446 645391 713068 981220 
894898 327394 819655 298001 711759 351089 965693 237524 335435 976658 385561 860645 595871 561678 418821 532435 266330 243578 907581 141877 112837 151406 616006 211246 592065 536421 652536 922747 711405 144079 699093 837148 942115 434838 417566 847260 365026 304203 921499 709631 468678 542636 759127 713448 422227 744373 241711 334660 776625 203679 504607 142422 226129 901081 152701 824320 810670 382850 210209 699114 247887 472929 377601 326098 
433385 284353 111740 940561 978689 141612 614124 585062 779630 167586 891326 842561 156477 772470 542206 593230 377646 872261 707083 390043 491900 746004 849033 654280 822170 299526 950774 443915 689337 155063 287284 316604 196358 732151 420101 447044 301072 836870 967477 999325 443015 716936 295313 288677 408992 904262 950293 211365 429557 941057 314531 204920 868329 601971 314416 409115 957801 399300 466776 205168 694638 928453 605938 784430 
705855 253261 591262 781800 556660 466702 298394 263192 679509 850643 913844 379272 643936 105368 397946 334845 938698 523430 185997 898497 104605 362730 870228 459819 896063 670224 293869 490637 347251 398465 303038 681210 210969 113238 682346 864914 232112 979704 813983 725931 278236 247766 758955 539933 273283 976034 459407 796139 504305 414185 377804 746985 299131 197484 699770 597006 951808 195103 231928 591383 299212 370014 132125 984181 
209814 964423 897805 470357 276713 154648 284231 404459 836960 498278 471995 474714 837194 249079 361945 732545 440398 652381 620772 211173 661320 630927 113574 136919 953936 514853 741085 961602 735932 552112 150099 774484 815644 346931 553067 939270 311907 624802 348055 378090 663685 311478 452743 804496 941532 378314 451036 218293 705221 901302 454810 136808 820679 423717 746107 804218 751635 704533 228705 676450 327527 574730 594564 682090 
686957 263247 201065 599449 338913 177386 539891 465566 992175 991643 527123 739798 569146 293841 862491 566874 634778 696841 966481 886824 204893 980772 465951 944044 380302 527779 160326 327914 213522 312641 720787 175659 599919 357550 914410 734754 575559 815268 367967 285914 544419 244744 334948 658750 179115 737118 779835 749220 105937 800457 951245 774262 916141 814718 304788 443551 684931 222148 247091 584207 857729 903338 662117 168075 
219364 770532 199634 442484 889306 746628 362174 950642 690659 437937 352476 441532 598001 924551 349569 916711 334446 633130 580562 639625 209116 367976 130687 770153 505079 660971 955241 452613 754743 304631 788382 450558 144818 729766 765190 240676 473950 302269 540918 272474 338132 606475 640673 240806 315408 958142 230734 638135 267925 832129 875429 612563 950925 322710 291139 964508 784590 962476 592110 456799 104729 366461 531138 642457 
818619 766503 788809 947013 408054 513605 316745 640006 202906 444201 522615 106702 102381 168440 369673 641481 733898 256066 617481 254473 799045 871292 665798 952110 324653 493660 132421 682994 959946 489552 943380 804206 680133 584380 156863 424012 491655 171118 782588 676203 724890 494303 590368 917000 888811 117129 992724 671568 646321 394527 535715 681662 910216 523694 707210 746098 596214 937774 235538 307921 284846 760698 313139 831123 
240088 950252 979469 262804 572429 105970 191739 616886 823650 890082 394570 927215 915557 207765 999679 401742 960591 410645 671304 838457 375392 407604 879357 144782 554679 121274 262897 857099 551309 844054 671643 827081 723119 920533 567772 990498 838263 973009 411500 756819 879142 369248 497286 364573 423040 689102 885516 117606 438851 857861 649848 491068 795845 768136 631617 921882 141290 503935 745094 849475 315551 427789 445466 434442 
731126 928925 109996 585812 750718 885659 543089 864950 611293 518527 226032 620664 973677 371203 189258 392891 479857 792534 958565 893878 710195 797962 185844 692540 432059 264807 232260 918074 879726 243586 246948 844572 629888 226505 684050 269295 188375 745237 900254 206017 163486 793986 641662 521637 584834 827674 134062 610898 368301 640621 507201 481771 185180 713885 412328 802137 985087 404886 562846 289653 113005 588027 935822 886338 
307010 946331 717249 305622 389366 621891 253864 892729 346682 850253 198146 656423 128721 140821 457034 831664 674089 100204 337473 580222 291926 351590 931123 751990 639081 397678 815816 435159 779666 866106 897642 480992 359279 269465 945166 147342 660335 959400 721441 499715 676039 184900 819280 343106 449168 756473 190516 326519 871516 980345 919960 279412 140243 679337 469480 452533 857838 691445 708696 546149 533359 839972 270606 561050 
793883 321158 162221 245883 158645 551466 333311 360577 996761 930219 922398 894235 727025 929386 231839 184044 677783 655480 131899 164752 420616 690538 499515 734300 263809 562447 162592 513762 332825 191997 502829 813236 510459 655399 434769 235168 309790 833195 986356 475417 169954 772583 838462 130454 374410 421196 459742 360052 194224 684747 519326 943767 203241 664204 350753 820141 704471 213854 683573 923155 888165 358472 623419 289202 
513346 306110 804047 184385 661565 413264 725334 452398 964089 950012 579172 393078 210285 839907 208456 548017 397691 961336 601748 423724 579338 636981 939372 104302 927907 213096 211018 356156 512197 743051 376716 654776 557509 824817 806331 441603 522501 839516 930040 141539 891983 379212 247621 752160 195695 662738 153838 244489 718283 341218 232242 956692 221151 993991 286802 910978 974841 256624 749620 321952 384142 235400 739508 921450 
571831 550371 897416 110058 440843 450517 760847 504446 200570 695421 665141 515384 405060 284158 838949 583998 650900 172974 465484 835346 273532 405863 605957 176076 877998 505818 802951 546947 752980 875012 313991 487468 183372 267033 659723 351769 614948 213373 293741 241666 640782 101586 990760 265152 587936 700107 162626 450710 922314 870526 862965 385131 244085 615384 876827 422930 345205 366667 905142 761835 953130 138467 907482 275618 
737241 345558 799256 338292 776930 849401 499271 588690 208446 683183 324145 131103 266838 915516 525719 930643 320995 654264 326274 629186 190301 888576 989704 597687 284418 593414 756022 676761 992518 588200 804224 962384 666481 252510 790594 561505 942330 958637 525458 322420 245182 681432 382917 488919 690940 269783 938458 504155 851632 269664 747431 680444 727274 215393 545054 547710 959658 199503 768827 341139 736603 442840 803821 223930 
139337 111765 960798 528001 451264 517724 824609 716139 912194 399442 399927 145516 795013 971070 669118 860753 787015 456056 770935 955548 543086 372960 451858 806829 208993 376139 872312 471421 832092 461879 504597 971556 374772 468832 157824 695290 806408 143948 569640 306843 776895 832160 191133 885123 414244 499510 955703 125240 440827 892902 576647 134183 838559 558561 102713 911015 475193 287324 794626 316346 808383 899081 320876 918450 
