943373 148196 899084 319561 891959 526294 505205 540789 638287 309184 645599 952074 315170 666835 874966 370432 809830 568356 992381 933989 809439 582384 616964 914274 815876 842607 472694 398854 143419 790355 968910 600401 137825 359069 996745 657087 394246 618780 230134 866415 844917 622884 129578 504814 169009 195239 358449 664869 222170 346290 438751 605340 156911 668519 467876 448361 901230 182546 541277 429305 703159 573066 267527 425690 
795374 539206 646159 725763 179135 952985 328133 311808 496444 223787 798511 883965 683586 454582 896730 755598 434330 756122 890731 598810 841275 750301 525715 556674 515724 726819 862497 183473 917991 201285 773841 898081 305306 402769 433826 972743 189767 504510 437254 404573 444106 824426 833522 858091 523035 725491 806069 665905 505833 799438 850662 974994 280871 608423 957109 216224 239651 309525 856260 848929 194801 535801 730287 484411 
393382 986547 130950 733313 833824 332449 212379 708506 481891 262453 364182 541290 866078 317970 763143 334591 823244 199715 288083 794074 357143 253976 176207 241816 562903 695294 881643 177469 106263 810041 167205 774684 472632 581984 236542 577764 788400 774390 412778 184714 813322 316640 976865 507823 205073 252488 113298 188079 435367 822701 840439 653670 900207 979877 404196 558878 713963 772272 604217 374009 660959 487034 482551 896343 
620436 706732 338479 231973 905497 729648 401750 553442 465540 519551 811093 418095 610070 253736 689884 474131 276861 145600 769943 726024 876787 369537 275352 449797 808995 951073 120404 563977 178604 771023 470890 746625 911166 346859 383389 294006 615969 474435 912771 918550 290612 485446 816535 590269 363251 306439 186473 800927 374290 531344 730997 740117 416679 579456 316976 580994 875428 329731 531614 399265 153729 164620 292545 381037 
622296 405873 146252 340780 497610 181603 611382 525401 444959 456873 843274 530413 256491 474776 909339 572361 156940 547889 944725 297698 872399 407991 226799 321737 789970 648267 724476 340790 140836 146022 259328 705457 410537 757106 143424 579804 878170 674213 456274 797760 341545 195420 382036 113939 946721 931024 966488 110435 284652 376247 685949 381410 735599 407225 338745 109101 878544 560205 549906 312314 746232 559056 862316 240702 
383443 951970 661724 811097 218867 281789 621531 144575 929237 758450 650263 321795 956187 351586 984099 957538 862200 418261 124431 800617 637611 864667 935218 904675 228771 775453 124611 765475 472160 141535 881608 537899 137274 898868 430949 444887 814587 963102 403606 207401 193991 370945 695448 160658 277660 885762 396001 816761 605268 536513 794928 776491 753927 458864 535167 346463 498958 754735 466037 316068 687746 246310 903544 171978 
823043 132574 863391 202442 858229 651772 505798 481491 174628 717915 662555 441650 311976 775557 658677 272093 974723 948685 425284 697500 761991 321324 359491 412660 239638 959031 166090 689649 915745 786169 272736 798544 366225 968722 267598 268903 456324 248268 689231 693873 294767 279093 627747 939289 892291 601054 655651 777474 566282 803119 207790 650640 302928 986820 970338 960503 426078 481385 431015 556639 864353 606029 498725 386992 
510889 850662 681974 945600 392462 602017 617685 618614 345837 135139 128917 410842 422417 924002 680239 213147 979148 105049 192116 353884 176452 835532 691521 527932 356171 253848 194640 527680 791174 942485 233930 839008 633839 846828 497082 758155 756438 325455 672701 887447 837186 918009 295222 795913 238357 873316 387550 307101 427470 347936 610808 866259 878088 819798 184578 528566 573760 402202 728584 136618 595892 479846 286099 397777 
137894 891417 199679 225690 337568 845355 626058 966504 460785 763659 560839 358202 447445 581624 426739 509340 881715 522520 138943 646313 384033 802840 204075 489370 510178 706625 345972 500080 594159 358931 536645 673402 509523 124641 938153 573251 822095 837033 731584 263004 759519 776205 406671 676673 492564 294547 575218 131243 316384 265557 504589 273746 225489 214790 861376 469052 263796 797570 716568 533862 454779 782353 446306 195501 
424793 343576 973211 319801 265449 197723 443524 499944 124527 296307 269905 109715 193974 798312 569471 752223 705881 290059 582469 703074 281725 869747 284004 233615 717915 904754 157176 227680 383516 707155 928337 614719 272509 152594 290235 393073 954129 666359 370584 902495 814374 811825 218000 877891 681631 938347 890655 711595 792129 684142 271148 929517 628010 767443 497946 778056 262075 624995 771832 574834 804790 582989 829139 729539 
501762 240739 523915 338237 744331 284401 454658 534167 217735 823642 554065 966852 823347 852433 408437 731269 853180 991378 424487 719624 600378 604987 523785 741690 568055 796010 496187 847664 439053 559412 992782 231182 594220 342334 946448 667891 653723 870364 170758 581153 474391 253764 688536 401676 241559 765902 383397 241887 741679 147178 910007 305061 833523 707806 463058 151386 303891 250683 875334 126031 978053 858843 882020 273812 
757057 940889 902606 889509 199141 566220 100678 851860 937849 559521 591304 755823 295117 415861 827668 256141 422430 227500 392611 808442 882807 770673 480219 440188 582452 281066 498653 986050 674018 716758 815900 326344 389667 256230 590120 408809 469197 150326 776936 139074 394386 639111 426503 215167 180506 986522 420357 963780 434540 551690 712493 397722 217516 566983 393063 930324 920990 382859 631620 111037 806600 869306 133047 451455 
191158 725883 688835 677874 426455 220333 535023 235680 645733 625000 569623 545841 332674 159090 270524 202712 897949 766842 933691 172633 700116 768116 773210 655125 845940 307729 606527 130004 267515 944634 553307 535373 456095 451434 398692 131765 379111 526278 619584 774657 342519 672441 854461 429722 296233 954512 980221 255581 130071 837230 841551 546987 234869 481997 824249 181812 443290 763410 177457 676475 972000 716107 546827 341093 
960065 690088 562956 875556 796705 324596 947966 840859 750539 583022 787932 807501 359795 525384 938733 724326 241403 911483 976237 330309 104337 218085 302631 987652 274326 605280 530399 774854 802425 193824 321611 363324 151745 111209 449346 688788 697226 547723 344045 825311 218726 639675 878362 169278 464453 255183 537007 589960 621135 898613 813275 370745 607950 420624 414344 986042 133161 859377 661389 749002 496971 627086 749344 492390 
602083 514401 181801 798586 127300 212864 447665 816708 161708 262260 662457 889217 406209 243128 309511 539638 305495 152592 616603 813661 886575 613859 339872 393386 204250 653239 760735 640121 372347 494216 142381 192438 658090 463524 681092 937481 413780 277158 908815 951772 978656 323661 796702 756778 430796 927192 663578 895301 166902 884032 518546 639748 652920 479026 500340 858472 161674 710887 610552 679561 987787 523458 372790 276033 
955642 613062 674328 751669 659358 768497 726601 270108 633894 251865 800269 533773 820555 876386 956298 354889 485873 713113 425124 718818 687820 161552 802887 867239 752064 806581 173917 740109 444992 415697 838783 542107 884056 570555 109512 779506 674982 277206 354726 311575 461219 927150 109513 642591 324640 423082 871486 840790 729259 565966 246389 122987 344241 562865 876285 860988 535645 366357 533810 273017 463935 412712 307789 790167 
929800 565846 659130 362196 323601 172425 784455 248962 528091 732542 833048 463891 466833 711781 411479 457087 174761 812309 637640 244852 598922 540393 287675 129978 594568 291867 285307 174465 660010 154684 923267 752586 853741 956397 928784 273776 633409 566781 295986 550609 570705 497503 736636 181820 409248 173446 807259 255929 845551 313824 780131 669391 280923 161357 562116 951286 632067 437659 397691 239642 362471 164992 706406 117608 
629291 574002 100144 985176 840667 901990 452714 460087 261898 213123 214202 738704 979187 648994 443405 745399 471040 332037 921704 903698 129576 550289 170684 671236 171602 572393 511576 975190 668792 938728 236024 986788 834216 422043 819195 498530 551076 800985 847539 469353 111561 956895 368534 769955 402828 221996 450417 422862 608704 757622 678939 411376 427445 853864 321383 366679 899674 928089 838644 203051 791267 178633 857951 857747 
383205 666970 280440 144481 196126 706377 475730 596379 632594 954407 594451 815751 667473 598649 477291 333458 793940 423112 426274 800989 350117 715814 831178 279780 923070 602494 183828 971724 772234 967446 956254 139465 683305 929380 690986 488105 809903 420042 857929 788961 945035 952495 791798 263889 672388 882492 467936 105014 714495 684207 183103 122957 854526 956575 688264 717183 718851 762062 597147 507981 940595 151204 352058 443833 
411861 316493 416116 845006 133561 463633 509855 963822 523701 129323 611715 732918 195627 496393 132307 322575 949415 631648 938807 602260 618691 491944 960869 208219 517005 318171 151759 961538 453313 111782 733397 162584 400976 125289 633691 689669 472962 169137 643893 241078 634967 395791 800030 657513 362025 681045 821385 313937 514317 426412 588334 630535 103641 623765 445350 592909 877727 653018 869906 270048 363735 917680 378069 831161 
630011 385164 873795 257632 702220 912383 480913 230351 502579 688591 422987 794014 296353 175315 931460 243983 820247 745354 927720 257496 781218 357049 295406 914281 563006 516863 171305 986233 940315 962167 940222 416338 753533 369354 983567 423573 418525 656462 632342 877643 760717 952703 459277 195497 994009 838519 744970 547071 557097 952045 156393 212829 971491 534408 406945 331682 490253 644127 420376 208995 644848 646958 597234 739829 
773784 898710 391749 789559 926519 587154 990568 614814 903402 113650 721578 176190 374964 672790 549694 224818 590598 494409 206708 341865 974976 880567 933123 283693 312945 906252 132387 658417 412057 969610 494935 905526 748592 546950 532999 314618 143136 963936 871371 602526 337485 892030 695332 107058 724437 387364 429093 645471 349299 492977 982158 237136 732701 484313 473273 204734 748717 883418 223725 405687 588700 740094 483920 884746 
560170 503661 155578 841906 595515 922731 131972 843069 715643 173205 425279 173687 514946 461075 531009 506776 143347 874171 569979 120198 333918 672290 941062 527752 418117 591263 690267 879625 139420 652030 639745 984965 101098 889726 905153 945171 539372 281672 677590 637615 172952 368332 150049 110627 916958 946778 789273 422449 771371 226905 864318 550144 147879 667399 671950 371424 398111 922670 399057 811771 714013 332159 488687 760219 
839443 246862 726562 374706 806934 547658 572550 960521 459815 783383 402732 481673 856333 145034 160142 284736 561054 287872 263805 666032 286909 891867 613654 482618 837180 915643 935123 776322 946851 193525 437501 355935 768361 146866 305215 326369 406143 809574 490838 147231 494828 310314 943173 689437 942131 814073 607877 432310 246865 948260 696026 823308 195426 373171 535776 759593 848707 450713 416324 681200 934066 201490 804975 395429 
698353 374972 528349 288086 482122 848655 258636 164645 532236 575289 638000 996275 461332 534554 307043 867242 614183 892922 314522 415079 353915 707202 306099 999650 135126 507134 279689 108699 144782 743468 775722 115299 605071 531041 887808 211300 399099 349977 663340 229678 431083 796472 588721 772607 125684 179778 928524 238926 549765 440852 710113 318197 488717 209821 604272 894808 457657 350492 884839 838070 591867 578775 690353 446251 
350598 806741 498892 578143 133654 704057 292920 675695 689900 195099 545931 191190 983575 602340 689442 642487 187534 452710 590962 126090 900538 360247 351229 384641 883985 860872 921599 183093 402141 723014 888712 173650 925691 264203 897220 908027 586526 818370 321654 299836 848500 718006 980387 450667 104161 513653 355979 440761 399079 906950 795218 990042 864199 696356 859644 471599 583393 292438 118360 199020 682584 430829 958675 392555 
834673 256089 400717 994541 723993 457352 662665 127400 655302 862492 929501 559537 657334 245320 891850 395079 159348 608391 606981 861690 712505 203705 232820 562678 234446 275450 940148 484368 651408 598721 268823 429899 766701 114418 296779 665415 256042 292320 864949 971592 672839 696291 182461 665758 200538 236081 476035 352342 407992 416349 717423 262204 342290 991049 951910 124523 159996 147816 967321 384787 330537 962453 392215 806438 
227922 513513 500226 870911 923989 459741 875327 544911 941242 930813 338887 481349 310481 335205 202651 762906 553207 321563 543956 870934 922840 439464 595224 528386 443918 461780 965864 279211 753895 549117 630391 784079 807173 169012 465366 113512 577726 433204 850538 398610 585572 987616 891646 652635 638047 613207 862644 950982 236630 859031 792663 220603 473645 225387 727629 492175 391529 240274 205608 798891 853454 191086 326587 105820 
753513 294629 285194 640630 995113 250904 228602 546501 713832 536382 566855 774546 660936 456316 642229 248559 542617 504227 776894 413855 911831 197126 491209 816133 871728 604630 919100 543175 462978 445564 913768 617278 372835 427698 366723 791197 789114 942366 119507 484124 871403 758828 386150 768800 323025 486503 123263 883720 799395 503348 266539 430007 972697 292587 580497 979129 519175 686547 741095 748307 146696 990489 770113 715436 
285366 945165 269541 725394 758966 576089 287866 177802 375473 900478 118847 853304 271452 296077 960120 148838 893785 454238 322402 569493 726966 914257 835304 193982 699955 162367 588718 352964 363906 909691 840139 646264 582119 150251 807923 775559 796383 306429 689490 794340 469404 282952 411093 395566 916910 158784 931459 606813 475902 923221 414089 953935 342228 672425 787314 327177 673752 204300 458709 131276 723925 139926 530568 629558 
313306 498624 418067 476466 968506 975999 781695 920733 955219 753182 399246 255446 255179 773719 417540 891649 412023 476141 739330 233079 206486 140393 773331 908430 535865 253967 577920 738945 146150 321629 206430 330780 408402 793344 315911 136902 603051 948114 687526 959114 198840 842196 120364 893668 662808 100195 397727 716261 143783 414490 575890 361827 863199 926981 184048 504640 384667 978301 789138 114262 292215 427908 743664 829276 
691699 323103 276692 705079 837622 296651 719242 689695 664399 428125 772339 557100 954039 825434 695545 790974 393651 974800 285853 867782 541141 526415 695820 501941 674561 933288 308400 637502 234093 566432 116547 649866 433282 649104 568606 209945 336640 260541 202895 863664 701181 728911 771145 260611 446478 125104 942037 163711 164158 398531 650599 674420 261147 569182 776331 433886 490608 226437 846558 847120 483597 957668 290681 905276 
593603 204425 473608 530912 354187 119196 313114 329488 461510 693564 708656 160155 553407 689368 719384 191005 863277 701702 394643 927362 906869 384835 700306 301394 210540 985192 808000 848893 435801 902373 350809 503811 436185 356477 198808 572416 766364 467165 243565 621875 705869 925018 989358 544458 866608 839910 790116 677868 139907 262191 354630 996386 505126 198484 408292 989763 372087 675013 368090 863642 841175 543670 352420 133302 
752168 116543 589456 121614 865912 727955 736686 202383 502487 421659 602213 497795 802307 365295 806591 764832 316581 223120 604485 880554 968372 104645 277381 626502 491224 557999 140335 784252 779049 149195 555359 830407 636630 114308 267125 241725 608097 681555 698145 809846 183335 495732 438713 679483 803038 978118 806061 354924 526615 768638 291121 452589 981346 427592 931225 736238 573137 282940 695236 238550 539669 407961 517711 904171 
123908 181089 783946 283105 820764 333008 772456 280701 410946 463257 776912 696484 186275 576031 818704 198500 684956 459182 911857 626495 735380 455316 749413 236432 104934 666847 399677 163388 222045 812691 186135 881430 560249 985480 305813 995374 181998 509150 401449 764663 850699 908926 213516 488947 912504 606319 828558 905438 947128 675602 351431 862548 468526 129146 412364 548416 641084 456971 889758 280802 513351 753102 113788 924699 
453686 261358 691512 740920 643705 247346 378471 690169 521223 940759 378322 641565 422079 934345 898346 447884 150928 291967 909784 395520 575348 274288 331122 496401 156119 718901 482410 303612 629398 116669 891041 433551 490178 435463 568120 676755 308355 897919 852743 492471 366617 570680 564006 511637 438686 301090 161672 721187 462568 502505 324040 718520 818762 784138 863612 291000 471834 986898 704102 579582 236653 465748 322026 456838 
363454 298279 755161 337748 800686 865754 643915 860676 557734 581077 503660 662831 823352 380781 897357 999158 289219 797347 213947 320878 546132 212795 544717 282473 382570 674900 674678 626653 606418 385704 928443 502867 605713 292737 813951 471854 125280 581942 357721 327317 246097 170113 347335 415647 415184 147743 671132 594682 596005 739587 556116 518136 874710 605015 324841 133079 409706 517072 673694 392267 626632 596812 966488 693131 
293661 678923 598541 923892 102748 583783 113716 446046 334303 433970 120924 791001 986188 374155 590297 449251 556692 111260 761593 732297 597685 150707 569460 440919 935998 416186 363778 554718 269746 767989 856582 532225 277414 131064 215496 558748 359077 573890 488577 244562 746228 291354 863919 248498 851983 173509 431400 511492 392465 675105 553292 384309 192275 976866 550803 617469 667244 690726 629189 797641 530806 526998 138792 970378 
548273 479707 150676 563930 677249 336699 520547 714726 944531 546831 538820 170652 345661 871202 107918 942738 807938 487016 561234 702224 281141 431352 600521 283900 508373 713480 636812 726528 921591 459907 212131 298522 763938 353482 370261 958848 116467 734084 749566 963437 555520 563715 913758 525453 129306 539061 631086 429825 886315 811683 583054 123343 199615 853162 287194 584617 650528 446963 563291 391096 404153 485009 928473 870565 
145308 178615 676206 483459 579198 509331 116662 613277 584704 941195 635011 356632 337833 858899 610733 375876 661647 252455 282438 264868 143285 385483 740363 207000 288910 353981 213782 435203 694880 203412 374128 239966 530723 116407 664869 409976 929480 537500 180784 518632 323351 517371 841909 821457 409552 380815 580077 296432 119443 102633 316348 235717 594364 957008 613854 465532 618918 855961 984832 765207 407952 622206 771436 909050 
303676 421982 625596 535826 289844 682258 264079 313346 684104 778407 467865 352460 398098 926877 264308 726265 572475 825435 583829 553317 891926 675212 946586 926730 312105 333722 306303 351527 820269 570661 133423 139788 206891 957344 577079 628613 324102 833705 647319 804673 172887 408067 420274 235869 605683 158738 220293 700722 915882 775538 305492 132376 795400 918708 146304 331157 486782 274133 143765 593927 843067 307229 273087 428265 
551891 194897 223548 623397 100642 601718 942829 267926 973514 528899 628294 848569 646775 806977 103717 947760 841124 680098 540927 911346 248535 708858 152566 656243 693031 126495 927110 254603 329470 301337 482079 877093 311161 240677 417901 788326 156044 741228 301203 171096 237762 314619 318551 191635 934978 226015 909238 650727 960046 461342 667608 170983 547301 233301 189950 694421 708712 288458 727064 673223 290618 507885 698611 693139 
456736 297104 877392 622461 771912 533023 413775 132857 153573 196030 911562 767934 796568 752895 301598 841962 426155 520540 750564 621420 108280 294006 736991 119250 466246 368971 454125 896943 396787 196398 308288 619688 683277 729094 557191 358428 953914 329188 763333 259598 435063 921794 676899 107248 261949 100437 856225 467150 111296 743407 155303 981332 262994 609140 863322 517788 872133 829814 741899 579800 838029 427599 970633 942968 
273795 571578 890966 946329 707686 305007 270583 732203 507003 459897 276357 331676 179990 690742 256193 462246 830481 637962 335141 558322 881657 275936 402677 814728 244680 636863 500020 542357 884268 597220 976658 467703 469991 554850 240291 258823 731408 106322 292651 524675 227478 608697 567766 739639 944869 424949 280452 668455 507649 375587 596385 625180 539215 332656 977747 589833 457043 508185 253356 969913 192340 745474 517664 230552 
750652 638608 796592 628410 172540 207140 644356 237931 425132 126644 309368 660979 947695 238631 384877 992485 287701 160748 152384 542630 596346 799799 224408 590901 367659 371866 934457 472859 141417 319293 348597 919055 947367 447481 622754 571302 486766 709846 193543 361654 636223 291711 712272 547014 653208 899103 489057 406740 589456 858650 857318 179842 155452 656874 187945 590973 254100 202421 576733 530860 317264 545511 897240 695762 
135595 682545 512669 627135 475562 306622 128247 991577 276406 663150 475233 500867 372324 682705 788610 760199 139478 335201 510615 534277 331611 525468 149449 386360 168913 383293 295485 919329 759467 326006 837130 773139 630349 548781 677861 919866 775028 218064 894136 952808 445011 303765 849265 706270 772344 397778 642422 727347 477644 767477 675703 709028 863930 877186 860700 628216 549831 235368 571549 519727 321023 912958 586192 948390 
489937 427711 782877 883562 610768 905566 442158 345879 394874 255464 388354 698539 870422 287605 618113 322507 130998 384746 485737 413394 327388 478703 138150 558450 499129 133192 586305 142952 978320 234994 120047 670817 606074 147739 607754 274786 949314 766590 777278 718969 305744 360859 442585 701310 795523 909871 975941 597509 371927 449172 380018 768130 615911 827095 618220 477305 702892 656402 710252 856706 949699 356294 894667 618134 
971244 866967 291952 151768 501135 748964 433770 375426 754041 185313 190202 152619 799044 981619 714728 822994 246516 748839 827382 964746 395102 942415 206289 402690 168483 745210 444835 873104 566298 484687 618310 156281 816076 753702 890899 807455 505721 984547 567961 409352 784312 668688 110185 682279 554043 666133 988909 522249 738161 744919 431225 784190 507972 579466 799577 992001 720163 258388 565002 623910 635131 663648 798214 959136 
587486 412156 830359 549228 213541 140047 681292 476477 880817 395770 728361 396836 584909 276266 485720 601244 797584 616695 303262 749456 150335 116957 623849 655690 143727 217076 233253 765208 619848 515182 501966 442525 198725 640428 669631 285329 919255 119901 406121 960406 606218 612757 971327 528408 134687 736038 824462 833088 497432 195325 618922 204886 833778 682203 993060 918864 874828 418382 281720 249563 113735 546476 444578 860036 
354790 431788 600944 376196 126388 173728 989139 504966 722148 760531 941071 376630 846483 107739 817778 373288 931243 642619 510657 731266 532769 451320 282830 838151 534430 385750 314790 513153 715930 725678 259431 280426 380548 493774 188494 886840 145022 250189 341294 611106 478789 639529 801181 365427 100783 562847 734888 594825 938893 836806 608295 518442 872176 519561 108619 901189 142536 305471 577876 730400 797991 156041 109376 273987 
693411 292359 660029 842496 437307 242839 197919 932606 517137 207755 463628 258305 715894 932902 428725 635799 811011 836019 964480 541025 313379 563489 370560 166908 813646 465375 701446 648971 155440 550000 128881 816995 209545 697579 772672 968979 963277 215091 398184 652685 394987 673901 221730 821173 802411 687843 934204 519718 350673 299700 747279 477147 380798 473301 517456 168321 759413 763304 407424 875926 520731 419864 144702 519581 
361911 321518 547645 246978 807194 347987 838288 626724 554552 396579 885569 161924 817300 712554 873793 337417 334202 220446 350585 110189 356197 211576 812031 507047 111393 370608 607205 362485 390122 352084 493004 606278 304692 806820 860982 658626 206084 170862 296792 136695 713787 472993 678062 550241 337395 608976 790824 199732 674530 179173 688034 226377 409628 556639 731698 979523 149109 877993 182170 821693 948451 547192 394878 552690 
509410 407553 521391 893288 873265 278325 150054 815481 919481 801019 549836 830528 981582 498312 637270 771933 287438 479901 153774 560773 167335 606940 552332 691177 762677 930984 502979 977408 573225 777913 566680 258484 414725 789785 422350 129254 158659 797438 941565 348319 322166 701796 372993 215061 454280 479622 354670 477014 127650 540569 550400 420883 734538 502758 904049 206060 440870 333281 147716 131732 751072 692810 501343 909217 
135234 220736 577557 611154 353152 561341 659617 125885 810900 293714 519087 270260 817477 757695 913300 795219 205793 761583 720222 313385 565865 427150 340805 497025 208204 537832 644353 229164 279179 360128 486389 109068 242172 312233 148874 315839 380683 443749 750646 790854 206362 147031 217883 785073 138792 892711 973420 319850 631824 734034 421674 410106 963624 722346 781997 200540 522058 854865 361117 788252 273424 237038 343873 835114 
433944 638282 759502 299521 667079 303690 759137 223535 779210 288009 714793 928705 398903 702832 241243 991053 951890 945781 678248 519003 505484 252686 837068 241232 884229 633168 886589 931864 496082 144488 354180 660623 527610 586805 681416 417037 463930 509345 619557 917196 524872 350970 709084 443287 240405 204945 896036 867664 978956 807085 725406 179934 963511 717581 749286 420818 596160 423737 908645 417652 461301 805827 470948 387311 
778565 972928 722491 304117 981895 150109 407559 892464 934681 314463 859961 809543 228870 224667 977355 478921 251457 990447 158926 727065 372750 190907 622528 382421 930496 116671 385017 965253 903549 269011 568900 942845 482813 831709 358954 200975 895409 266130 459561 970608 768705 648876 720580 378213 302510 579108 996245 297866 367478 142829 464894 714430 772917 165133 387356 639279 493480 811384 376220 471101 227598 761770 699144 305550 
742023 857953 398362 802414 858718 480533 102545 400352 694115 619221 741825 776357 419569 645248 121029 158151 881550 810204 322192 906243 483281 985398 962689 507762 689213 458166 737396 748914 488780 864958 911988 545301 780359 161952 304239 667494 707761 565465 435875 994515 476196 395598 220372 979419 677971 599169 836127 779958 442382 734480 815560 244827 568900 721034 542288 875858 356515 202255 358051 810615 569243 882371 585325 638791 
287616 866638 585836 190315 189742 978131 888737 269246 714759 335179 798272 774524 279864 393757 495591 437417 178745 395453 339404 754362 403571 530814 176847 925028 340349 397365 975182 721984 851775 979692 355126 321112 965079 473503 331319 744817 582329 565238 896913 962260 669681 910240 841419 805882 886660 705352 413186 684212 773460 361623 961214 785781 558723 845510 462656 567388 123279 854429 285240 815105 573276 840045 767860 575227 
932271 420871 307954 825292 653110 751895 838806 533547 548197 269344 120471 227787 237211 635221 465427 355276 403779 465905 310339 630174 607254 360532 827754 309230 687710 679931 245831 759183 877686 817595 918665 443302 350893 359993 138434 442673 875977 431625 639860 163316 112135 879169 603368 274306 538241 916472 514814 426661 937161 741153 577311 909835 486034 349662 390062 656909 254510 529315 259901 539100 361137 191401 278747 375914 
662484 921611 625963 903955 124246 395552 503536 534310 699741 466773 764772 685619 566970 653766 993192 835155 258858 915161 485686 319567 687801 885080 763954 936494 605250 849993 798719 874110 418449 621099 655693 250302 706793 153167 741008 541733 265985 640689 545261 891219 700137 958865 176269 251059 264234 990483 509076 203241 787595 263599 209035 860094 213617 745781 371513 104836 211646 843201 341936 311560 151034 215414 395844 597556 
455759 330139 405879 330654 807150 602927 167407 686352 407791 339754 397161 276084 739797 739505 380518 562172 292240 773365 227747 741868 972956 868777 602215 805221 899559 428030 140086 111694 156016 588030 252291 927776 895499 150593 473666 953967 684097 536430 669946 253360 496916 686162 511417 382316 400864 323222 206402 392960 278332 198464 530978 913677 756928 501257 610017 720098 671137 391606 641331 554660 711352 675349 594926 384312 
138368 107638 906902 987821 903902 250435 589555 698025 226811 606270 246980 580558 725485 397270 467053 932776 108308 608069 540172 392469 779264 997416 944394 795442 710575 894268 528076 642367 825812 276209 218825 561358 417619 528750 714102 704845 686889 876098 721565 618988 967145 506562 461357 427821 561057 181603 559498 233865 758875 108854 863269 654457 639487 265307 716902 531367 997078 757123 730405 587953 183081 651590 643737 332406 
930376 256509 689800 360865 653190 705214 719421 229200 434050 844658 325911 459232 465824 291668 931229 487862 946678 246952 119536 607308 319267 843893 901689 913558 452377 524736 353154 563632 505435 613575 499329 711238 643074 930807 943278 751871 264346 546411 227925 654471 784521 526305 521735 516504 326415 944186 648619 151684 505576 247694 460498 978338 819183 362826 355176 774482 513693 324648 426982 623566 122223 159848 446821 656464 
947109 881648 414445 368570 257991 433085 928587 752870 368802 322949 139873 853194 969328 413995 361943 804231 150454 236862 396079 896367 945030 845007 836982 711760 788421 351085 724023 401473 578055 393662 488265 606728 695190 986940 178409 974022 970290 783401 602402 643936 324722 949809 807592 554763 661032 629019 306949 875730 308995 446891 984139 373223 918190 913879 250023 121860 185206 665636 232119 946781 564041 209468 779506 328644 
