315891 941743 886097 842259 954416 731589 756874 988279 940856 365798 722914 433013 285963 324147 957915 528622 346031 538486 385716 521729 434924 441499 403744 724828 735120 552935 549586 569184 776243 769817 416372 406410 
598708 466267 658359 421507 125346 527908 791845 999398 564888 450350 750098 526665 136224 617808 297777 482154 603640 680407 971075 980503 678929 609446 535786 342266 924756 167878 916827 546303 589247 159403 475602 436740 
521965 920678 207999 350172 258772 893696 860319 450047 355176 644794 420966 170066 618813 724862 315863 886766 500585 561537 763766 352784 646856 175863 183668 120636 936825 690163 317898 129743 172806 644986 469506 612096 
451585 818499 354766 896529 816585 769485 436507 449592 136012 277181 250624 966788 579110 546994 484145 972431 313800 449383 280785 175263 745844 102276 937892 880824 977925 272929 386498 480834 564939 193145 524647 250354 
398099 334950 617159 953495 205894 481055 554975 689828 182216 387371 619239 568405 621728 476064 475491 270687 198904 792477 111801 435193 673850 496864 711516 332257 177658 613893 813319 953484 678675 690235 547430 979214 
193321 791972 339886 748130 880494 870794 691821 847094 610560 934201 895324 985591 983055 215292 323345 474324 425212 572311 138032 443921 817565 916958 136258 834315 132542 436305 613086 401667 463297 590646 912643 579976 
751846 270705 655976 674725 719750 632257 511146 811077 311608 392922 278213 887518 945590 979034 533086 562657 821210 584458 642237 637628 927586 831188 711128 402506 926644 309084 598025 507737 825466 498204 811074 889845 
135950 589471 878199 354933 700913 826234 784026 347522 445556 675298 441765 734496 170490 918638 995695 407194 603125 807050 349729 576014 278061 115796 292610 237714 490911 596983 672559 584098 288514 644578 119398 271880 
919781 489093 245281 121478 565204 650951 550753 454946 549561 521734 729952 397007 170014 330668 104040 864916 532209 898442 796994 902779 587233 925076 766310 438584 190181 535480 719953 966771 633628 270012 478197 290645 
720463 936532 628234 845259 311922 624605 257474 638906 737993 934297 637338 711775 414535 552839 373357 548161 620530 998590 996739 269462 522467 365158 982150 580366 626857 252051 957365 247712 657196 580927 975889 304560 
515919 968578 275124 869689 968080 642160 821634 162012 783369 296240 974136 120453 481336 544213 660577 782135 563580 259611 146888 721076 668054 992863 469159 280682 845231 375675 901086 911613 960984 629981 638911 298541 
629611 735618 885157 706660 637009 693524 384389 213406 790206 401598 783453 832757 836086 673224 558922 791849 492467 263700 786965 196040 810206 879539 511917 466335 666938 614756 500176 500765 562241 352874 864290 884288 
165510 987337 133760 968671 455194 119517 344655 153971 214954 936696 310414 717507 739749 235254 622154 889258 665499 519293 596527 687911 632000 305622 559420 755969 357872 968547 696655 415221 100173 629500 405632 238974 
560932 674858 896170 317311 113614 951231 812835 144528 613458 539024 937933 389186 439112 879921 113157 660913 830296 979179 861113 654117 594688 851004 661015 431205 830004 692523 586784 471833 944096 852774 703387 162521 
658793 225626 689318 880600 316242 599758 511591 904487 183547 206141 959904 753223 315459 984270 502305 886607 994478 236849 776472 219189 347201 332473 783811 170781 505482 231856 308902 318716 285373 136284 984888 324231 
963129 505804 910328 815613 557770 412958 516413 917005 218791 200177 586442 279494 465915 770273 902720 207609 214049 975620 654894 943245 985544 920608 275396 758719 501174 470471 385189 192243 445513 780561 590427 875163 
628504 569876 144260 261987 385657 819074 555818 497303 657404 536960 588432 754674 695764 566334 824520 527780 641301 316119 471713 217662 424024 420103 424382 671837 155356 488452 469858 409329 417095 161818 570983 302697 
367275 328583 801167 155165 481411 282672 385937 627608 844188 685214 337653 708096 106961 980409 767835 131554 506766 665599 428372 675071 401910 998720 615316 855757 894976 296665 934912 787787 490044 430252 644706 583558 
810868 391480 491579 595937 611725 102138 693912 786084 732909 234016 704445 371171 132214 319014 278205 516585 627984 212783 539308 244770 700037 892257 783308 698498 277766 614333 847875 852917 957899 394329 825038 128068 
783256 193244 960238 848897 413307 566678 704609 291439 289137 486681 469196 673840 865256 114072 913716 357708 919615 511963 769996 655163 911082 710972 142888 794448 905746 591105 168848 286627 429561 567478 123952 239225 
948571 160006 794732 278961 898512 903926 987217 377997 233518 743038 689479 190939 187627 715781 290850 358528 593888 578040 596920 830688 534249 654726 604013 485804 366408 755739 955881 581032 633610 133463 826827 848535 
819969 526731 543320 100454 360081 758127 328684 200915 232678 469762 697360 462072 257058 975071 503724 195959 166165 850681 269652 153987 407269 462291 560414 728968 210701 707391 524276 550937 864577 774160 277029 599380 
409935 929213 252950 580596 582209 520565 757973 520915 899743 428282 670606 408570 341426 592092 693110 785094 599907 491443 113093 604345 682946 336663 146849 440314 793283 568095 797845 732553 387202 365077 330240 587011 
558183 477939 938474 122863 167077 343388 755409 439299 291548 941689 983106 274902 634430 421582 472484 791746 720271 364472 695342 279605 939237 104550 405176 763125 980399 630705 510318 677581 466290 816922 718497 117145 
366414 259390 670168 604746 114880 538392 360005 243286 348161 417331 678258 799871 413067 693322 251033 161534 472763 480991 721267 843404 852113 502804 984744 384973 338261 960457 437093 947993 854549 154098 287756 370248 
196201 333684 223269 928090 872151 742845 363762 483392 314641 259357 674401 630506 562364 140420 880986 763950 128524 614778 291704 139537 616428 795253 249717 807094 956345 383194 791581 455233 155086 351827 523141 566182 
371834 394249 414996 423826 749933 553918 636671 315861 335922 785994 107667 414795 190966 159025 620139 636614 436551 112253 486466 364346 316983 671196 638946 278660 783904 807096 433659 152952 227425 644783 349615 150885 
380903 156528 338186 620231 692007 710033 805967 157001 133927 438671 755949 218869 564924 792226 586000 728154 291726 224508 798516 673529 262072 672415 651029 821420 101388 863768 946497 755922 131699 481788 440463 703547 
896178 792381 929577 581933 282152 297417 715141 735281 510644 877631 769458 943165 265043 112686 137709 908575 646023 233932 991954 846978 498035 183600 747312 633696 154146 701069 470773 261541 520136 679052 246473 429339 
560641 526213 769303 177847 332277 197913 955462 991808 247901 236686 815110 926551 927839 394856 769701 860007 137396 184545 141985 355339 824651 920485 694552 715574 855623 993420 861979 566691 246595 572308 283873 805337 
846646 611387 815032 854458 476881 929302 540758 709385 333094 197169 992909 484022 546530 271460 267741 951304 394555 859758 600580 699046 787781 446800 360112 577217 385533 607624 984981 534369 241641 253032 428506 432138 
509047 968371 216366 838026 333921 614292 158488 357250 148914 404667 433452 983311 202819 210389 987385 311253 526718 861959 144127 218279 842020 188934 317886 466485 492138 647798 715337 457554 756605 499772 685114 453120 
